3.985308  0.042073  0.218524
3.897671  -0.051102  0.199424
3.811959  0.073148  0.141321
3.728129  0.028016  0.184416
3.646141  0.033491  0.141653
3.565953  0.017450  0.131643
3.487526  0.028051  0.144672
3.410822  0.015919  0.147910
3.335803  -0.013571  0.137133
3.262432  -0.074155  0.156147
3.190672  0.013013  0.112853
3.120490  -0.024413  0.278483
3.051849  -0.006297  0.146271
2.984717  -0.052528  0.211191
2.919059  0.035804  0.101872
2.854845  0.100521  0.128883
2.792041  0.157969  0.287256
2.730618  0.159771  0.121815
2.670545  0.118194  0.093243
2.611792  0.094010  0.073640
2.554330  0.144761  0.095486
2.498132  0.122508  0.084246
2.443169  0.142687  0.067076
2.389414  0.169186  0.096937
2.336840  0.234888  0.191451
2.285423  0.205763  0.102236
2.235136  0.205071  0.058265
2.185954  0.214216  0.073831
2.137854  0.189281  0.082452
2.090811  0.120825  0.062232
2.044803  0.078578  0.059731
1.995556  -0.059120  0.325810
1.940091  -0.130505  0.275249
1.886167  -0.298172  0.249614
1.833741  -0.337777  0.241952
1.782770  -0.577423  0.230634
1.733214  -0.756133  0.247663
1.685035  -0.735562  0.229553
1.638194  -0.796760  0.210570
1.592654  -0.794639  0.165800
1.548379  -0.822097  0.164557
1.505334  -0.745464  0.150667
1.463484  -0.594995  0.127329
1.422798  -0.429089  0.155827
1.383241  -0.270216  0.123166
1.344783  -0.060677  0.131057
1.307394  0.129052  0.131059
1.271044  0.349466  0.127844
1.235704  0.557427  0.120789
1.201345  0.752926  0.095088
1.167942  0.917108  0.095299
1.135467  1.077366  0.077229
1.103894  1.212631  0.086310
1.073198  1.305201  0.098370
1.043356  1.385855  0.086483
1.014343  1.517423  0.102803
0.986136  1.599414  0.078499
0.958714  1.668698  0.083555
0.932053  1.719193  0.091391
0.906134  1.834113  0.077945
0.880935  1.859601  0.088594
0.856436  1.956997  0.076152
0.832619  1.989173  0.070709
0.809463  2.044801  0.071733
0.786952  2.053448  0.069846
0.765066  2.014027  0.078191
0.743788  1.981102  0.060603
0.723102  1.929493  0.076930
0.702991  1.790070  0.069881
0.683440  1.710343  0.087368
0.664432  1.558848  0.089569
0.645952  1.386759  0.099128
0.627986  1.228423  0.093374
0.610520  1.073538  0.100056
0.593539  0.912751  0.128370
0.577030  0.757075  0.092938
0.560981  0.597506  0.086608
0.545378  0.458089  0.094779
0.530208  0.348404  0.096512
0.515461  0.171350  0.098175
0.501123  0.073240  0.115485
0.487185  -0.079963  0.100426
0.473633  -0.151059  0.094730
0.460459  -0.270184  0.115087
0.447651  -0.350485  0.102241
0.435199  -0.435229  0.106439
0.423094  -0.489328  0.114706
0.411325  -0.651999  0.123704
0.399883  -0.750972  0.104300
0.388760  -0.763497  0.132342
0.377946  -0.816900  0.116115
0.367433  -0.897172  0.163904
0.357212  -0.871413  0.150249
0.347275  -0.975419  0.112500
0.337615  -1.074940  0.123800
0.328223  -1.147075  0.174700
0.319093  -1.091977  0.140719
0.310217  -1.074994  0.164072
0.301587  -1.210571  0.173590
0.293198  -1.284974  0.204817
0.285041  -1.251141  0.150353
0.277112  -1.309832  0.138297
0.269403  -1.323214  0.146884
0.261909  -1.334827  0.170291
0.254623  -1.384694  0.205644
0.247540  -1.289616  0.181926
0.240654  -1.402776  0.237667
0.233959  -1.331786  0.222383
0.227450  -1.328368  0.261008
0.221123  -1.300955  0.265036
0.214972  -1.494728  0.330637
0.208991  -1.381156  0.289002
0.203177  -1.402963  0.306199
0.197525  -1.358906  0.339572
0.192030  -1.440873  0.219612
0.186688  -1.355552  0.420942
0.181494  -1.299716  0.411262
